# run in google colab:

([30138, 6, 36, 17925, 13, 3, 3037, 1, 4880, 3, 387, 2832, 18, 18444, 1, 5, 8, 3, 16679, 19460, 739, 2, 30139], [28543, 4, 56, 15, 1266, 20397, 10721, 1, 15, 100, 125, 352, 3, 45, 3066, 6, 8004, 1, 88, 13, 14859, 2, 28544])
([30138, 289, 15409, 2591, 19, 20318, 26024, 29997, 28, 30139], [28543, 93, 25, 907, 1366, 4, 5742, 33, 28544])

versus expected:

([30138, 6, 36, 17925, 13, 3, 3037, 1, 4880, 3, 387, 2832, 18, 18444, 1, 5, 8, 3, 16679, 19460, 739, 2, 30139], [28543, 4, 56, 15, 1266, 20397, 10721, 1, 15, 100, 125, 352, 3, 45, 3066, 6, 8004, 1, 88, 13, 14859, 2, 28544])
([30138, 289, 15409, 2591, 19, 20318, 26024, 29997, 28, 30139], [28543, 93, 25, 907, 1366, 4, 5742, 33, 28544])

same

