mine from colab:

tf.Tensor(
[[30138   101     3 ...     0     0     0]
 [30138    60    59 ...     0     0     0]
 [30138    69    84 ...     0     0     0]
 ...
 [30138    14  1621 ...     0     0     0]
 [30138   131   125 ...     0     0     0]
 [30138   137     1 ... 30139     0     0]], shape=(32, 40), dtype=int64) tf.Tensor(
[[28543    62     8 ...     0     0     0]
 [28543    14    39 ...     0     0     0]
 [28543    94   113 ...     0     0     0]
 ...
 [28543    15    80 ...     0     0     0]
 [28543   591    39 ...     0     0     0]
 [28543   107     1 ...     0     0     0]], shape=(32, 42), dtype=int64)
tf.Tensor(
[[30138   289 15409 ...     0     0     0]
 [30138    86   168 ...     0     0     0]
 [30138  5036     9 ...     0     0     0]
 ...
 [30138  1157 29927 ...     0     0     0]
 [30138    33   837 ...     0     0     0]
 [30138   126  3308 ...     0     0     0]], shape=(32, 32), dtype=int64) tf.Tensor(
[[28543    93    25 ...     0     0     0]
 [28543    11    20 ...     0     0     0]
 [28543    11  2850 ...     0     0     0]
 ...
 [28543    11   406 ...     0     0     0]
 [28543     9   152 ...     0     0     0]
 [28543     4   272 ...     0     0     0]], shape=(32, 35), dtype=int64)

example give:

tf.Tensor(
[[30138  1029   104 ...     0     0     0]
 [30138    40     8 ...     0     0     0]
 [30138    12    14 ...     0     0     0]
 ...
 [30138    72 23483 ...     0     0     0]
 [30138  2381   420 ...     0     0     0]
 [30138     7 14093 ...     0     0     0]], shape=(32, 39), dtype=int64) tf.Tensor(
[[28543   831   142 ...     0     0     0]
 [28543    16    13 ...     0     0     0]
 [28543    19     8 ...     0     0     0]
 ...
 [28543    18    27 ...     0     0     0]
 [28543  2648   114 ... 28544     0     0]
 [28543  9100 19214 ...     0     0     0]], shape=(32, 37), dtype=int64)
tf.Tensor(
[[30138   289 15409 ...     0     0     0]
 [30138    86   168 ...     0     0     0]
 [30138  5036     9 ...     0     0     0]
 ...
 [30138  1157 29927 ...     0     0     0]
 [30138    33   837 ...     0     0     0]
 [30138   126  3308 ...     0     0     0]], shape=(32, 32), dtype=int64) tf.Tensor(
[[28543    93    25 ...     0     0     0]
 [28543    11    20 ...     0     0     0]
 [28543    11  2850 ...     0     0     0]
 ...
 [28543    11   406 ...     0     0     0]
 [28543     9   152 ...     0     0     0]
 [28543     4   272 ...     0     0     0]], shape=(32, 35), dtype=int64)

mostly right: error with the data train

2nd attempt: made sure to filter for both angles

tf.Tensor(
[[30138  1029   104 ...     0     0     0]
 [30138    40     8 ...     0     0     0]
 [30138    12    14 ...     0     0     0]
 ...
 [30138    72 23483 ...     0     0     0]
 [30138  2381   420 ...     0     0     0]
 [30138     7 14093 ...     0     0     0]], shape=(32, 39), dtype=int64) tf.Tensor(
[[28543   831   142 ...     0     0     0]
 [28543    16    13 ...     0     0     0]
 [28543    19     8 ...     0     0     0]
 ...
 [28543    18    27 ...     0     0     0]
 [28543  2648   114 ... 28544     0     0]
 [28543  9100 19214 ...     0     0     0]], shape=(32, 37), dtype=int64)
tf.Tensor(
[[30138   289 15409 ...     0     0     0]
 [30138    86   168 ...     0     0     0]
 [30138  5036     9 ...     0     0     0]
 ...
 [30138  1157 29927 ...     0     0     0]
 [30138    33   837 ...     0     0     0]
 [30138   126  3308 ...     0     0     0]], shape=(32, 32), dtype=int64) tf.Tensor(
[[28543    93    25 ...     0     0     0]
 [28543    11    20 ...     0     0     0]
 [28543    11  2850 ...     0     0     0]
 ...
 [28543    11   406 ...     0     0     0]
 [28543     9   152 ...     0     0     0]
 [28543     4   272 ...     0     0     0]], shape=(32, 35), dtype=int64)

correct
